{
  "generated_by": {
    "program": "augur",
    "version": "7.0.2"
  },
  "models": {
    "country": {
      "alphabet": [
        "Australia",
        "China",
        "France",
        "Germany",
        "Greece",
        "Guam",
        "India",
        "Iran",
        "Jamaica",
        "Japan",
        "Malaysia",
        "Netherlands",
        "Spain",
        "Sri Lanka",
        "Taiwan",
        "Thailand",
        "USA",
        "Uruguay",
        "Vietnam",
        "?"
      ],
      "equilibrium_probabilities": [
        0.013914920980519344,
        0.04240144035211678,
        0.03521923514588617,
        0.05110605363931423,
        0.035957095533827116,
        0.07339121620341883,
        0.02793222566317013,
        0.06972219642870679,
        0.05990292178059003,
        0.06417016762232176,
        0.07339121620341883,
        0.05133403235531616,
        0.061599724474538486,
        0.07092375262853279,
        0.07092375262853279,
        0.043017314273394024,
        0.031026861635475484,
        0.06455872793153691,
        0.05950714451938326
      ],
      "rate": 79.41567168847297,
      "transition_matrix": [
        [
          0.0,
          0.992048939450343,
          1.9143159535856769,
          0.9713179705113112,
          1.8672260623662995,
          0.9952561627609788,
          1.3951248255709203,
          1.3892005310371558,
          0.9971539522981506,
          1.1832206243118646,
          0.9952561627609788,
          0.9717423818273555,
          2.103050440159639,
          1.4256884335841475,
          1.4256884335841475,
          1.1628207077800423,
          33.2549188953351,
          1.0372402174237758,
          0.9709083314175534
        ],
        [
          0.992048939450343,
          0.0,
          0.9733891776418089,
          0.972801183896684,
          0.9705731418204632,
          0.9701565017162701,
          0.9706905576383026,
          0.9702017642197998,
          0.9702666235686664,
          0.9702341707727066,
          0.9701565017162702,
          0.9737063903169005,
          0.9710767068382155,
          0.9701591552483741,
          0.9701591552483741,
          0.9746804400630811,
          2.867910403567303,
          0.9713377384356454,
          0.9734077235096809
        ],
        [
          1.9143159535856769,
          0.9733891776418089,
          0.0,
          1.110250461458907,
          0.9701206412408415,
          0.9710067029110894,
          1.1276731867671548,
          0.9698242467915873,
          0.9698320201964505,
          0.9698063303858547,
          0.9710067029110894,
          0.9698329049625508,
          0.9704259698576075,
          0.96978553879578,
          0.96978553879578,
          0.9700606745872055,
          4.248659977904244,
          0.9705755047675492,
          0.9697787068316029
        ],
        [
          0.9713179705113112,
          0.972801183896684,
          1.110250461458907,
          0.0,
          0.9697651856325531,
          0.9697622420100879,
          0.9696392275485688,
          0.9697808021699257,
          0.9697924779985905,
          0.9697809433733785,
          0.9697622420100879,
          0.9697935471504299,
          0.9700499016118895,
          0.969764928418642,
          0.969764928418642,
          0.9698610210911714,
          1.8394656381209828,
          0.9702538712106399,
          0.9697715040624192
        ],
        [
          1.8672260623662995,
          0.9705731418204632,
          0.9701206412408415,
          0.9697651856325531,
          0.0,
          0.9694916232675604,
          0.9924402166760512,
          0.969557303609717,
          0.9695640801514165,
          0.9699198384437535,
          0.9694916232675604,
          0.9695384244654481,
          0.9701247038154382,
          0.9695191117514983,
          0.9695191117514983,
          0.9697187979187262,
          3.9688327971038335,
          0.9702776824024539,
          0.9695041470911631
        ],
        [
          0.9952561627609788,
          0.9701565017162701,
          0.9710067029110894,
          0.9697622420100879,
          0.9694916232675604,
          0.0,
          1.3874666077296327,
          0.9697327562882395,
          0.9697010692944888,
          0.9697016086069649,
          0.9781504508801546,
          0.9696759518385585,
          0.9698442666582786,
          0.9697184295948521,
          0.9697184295948521,
          0.9696774024475205,
          0.9866457280384607,
          0.9700940378838112,
          0.9696918229152758
        ],
        [
          1.3951248255709203,
          0.9706905576383026,
          1.1276731867671548,
          0.9696392275485688,
          0.9924402166760512,
          1.3874666077296327,
          0.0,
          0.9697752230499713,
          0.9692045911713515,
          0.9691400250707124,
          1.3874666077296323,
          0.9692304157926817,
          0.9699510193778592,
          0.9692425599040253,
          0.9692425599040253,
          0.9695183887823771,
          6.325832498632433,
          0.9700397237011208,
          0.9691189956787566
        ],
        [
          1.3892005310371558,
          0.9702017642197998,
          0.9698242467915873,
          0.9697808021699257,
          0.969557303609717,
          0.9697327562882395,
          0.9697752230499713,
          0.0,
          0.9697216775180503,
          0.9697250684436084,
          0.9697327562882395,
          0.9696968278202575,
          0.9698881118384243,
          0.9741003090017375,
          0.9741003090017373,
          0.969719606501746,
          1.009641914503992,
          0.9701053678401821,
          0.9697085564413538
        ],
        [
          0.9971539522981506,
          0.9702666235686664,
          0.9698320201964505,
          0.9697924779985905,
          0.9695640801514165,
          0.9697010692944888,
          0.9692045911713515,
          0.9697216775180503,
          0.0,
          0.969700239081919,
          0.9697010692944888,
          0.969678788429512,
          0.9699381221189399,
          0.9697067624795336,
          0.9697067624795336,
          0.969699191341954,
          1.4037752865529283,
          0.9701585504175956,
          0.9696862064848535
        ],
        [
          1.1832206243118646,
          0.9702341707727066,
          0.9698063303858547,
          0.9697809433733785,
          0.9699198384437535,
          0.9697016086069649,
          0.9691400250707124,
          0.9697250684436084,
          0.969700239081919,
          0.0,
          0.9697016086069649,
          0.9696748379045943,
          0.9699132396840908,
          0.9697093609902613,
          0.9697093609902613,
          0.9696933900471023,
          1.2174625877500251,
          0.9701406002683368,
          0.9696847800116442
        ],
        [
          0.9952561627609788,
          0.9701565017162702,
          0.9710067029110894,
          0.9697622420100879,
          0.9694916232675604,
          0.9781504508801546,
          1.3874666077296323,
          0.9697327562882395,
          0.9697010692944888,
          0.9697016086069649,
          0.0,
          0.9696759518385585,
          0.9698442666582786,
          0.9697184295948521,
          0.9697184295948521,
          0.9696774024475205,
          0.986645728038461,
          0.9700940378838112,
          0.9696918229152758
        ],
        [
          0.9717423818273555,
          0.9737063903169005,
          0.9698329049625508,
          0.9697935471504299,
          0.9695384244654481,
          0.9696759518385585,
          0.9692304157926817,
          0.9696968278202575,
          0.969678788429512,
          0.9696748379045943,
          0.9696759518385585,
          0.0,
          0.9699749496666985,
          0.9696810447964911,
          0.9696810447964911,
          0.9697064915347247,
          1.9049813955750687,
          0.9701764785307679,
          0.9696701879808433
        ],
        [
          2.103050440159639,
          0.9710767068382155,
          0.9704259698576075,
          0.9700499016118895,
          0.9701247038154382,
          0.9698442666582786,
          0.9699510193778592,
          0.9698881118384243,
          0.9699381221189399,
          0.9699132396840908,
          0.9698442666582786,
          0.9699749496666985,
          0.0,
          0.9698640814022268,
          0.9698640814022268,
          0.9701325530960667,
          1.1567278927288944,
          1.1807959545309865,
          0.9698920523635972
        ],
        [
          1.4256884335841475,
          0.9701591552483741,
          0.96978553879578,
          0.969764928418642,
          0.9695191117514983,
          0.9697184295948521,
          0.9692425599040253,
          0.9741003090017375,
          0.9697067624795336,
          0.9697093609902613,
          0.9697184295948521,
          0.9696810447964911,
          0.9698640814022268,
          0.0,
          0.9791684634878691,
          0.9696987264091567,
          0.9698641218424272,
          0.9700907297544398,
          0.9696951827296978
        ],
        [
          1.4256884335841475,
          0.9701591552483741,
          0.96978553879578,
          0.969764928418642,
          0.9695191117514983,
          0.9697184295948521,
          0.9692425599040253,
          0.9741003090017373,
          0.9697067624795336,
          0.9697093609902613,
          0.9697184295948521,
          0.9696810447964911,
          0.9698640814022268,
          0.9791684634878691,
          0.0,
          0.9696987264091567,
          0.9698641218424272,
          0.9700907297544398,
          0.9696951827296978
        ],
        [
          1.1628207077800423,
          0.9746804400630811,
          0.9700606745872055,
          0.9698610210911714,
          0.9697187979187262,
          0.9696774024475205,
          0.9695183887823771,
          0.969719606501746,
          0.969699191341954,
          0.9696933900471023,
          0.9696774024475205,
          0.9697064915347247,
          0.9701325530960667,
          0.9696987264091567,
          0.9696987264091567,
          0.0,
          2.695315563725207,
          0.970292766252383,
          0.9696968189992089
        ],
        [
          33.2549188953351,
          2.867910403567303,
          4.248659977904244,
          1.8394656381209828,
          3.9688327971038335,
          0.9866457280384607,
          6.325832498632433,
          1.009641914503992,
          1.4037752865529283,
          1.2174625877500251,
          0.986645728038461,
          1.9049813955750687,
          1.1567278927288944,
          0.9698641218424272,
          0.9698641218424272,
          2.695315563725207,
          0.0,
          1.2332156968939072,
          1.4240799455326885
        ],
        [
          1.0372402174237758,
          0.9713377384356454,
          0.9705755047675492,
          0.9702538712106399,
          0.9702776824024539,
          0.9700940378838112,
          0.9700397237011208,
          0.9701053678401821,
          0.9701585504175956,
          0.9701406002683368,
          0.9700940378838112,
          0.9701764785307679,
          1.1807959545309865,
          0.9700907297544398,
          0.9700907297544398,
          0.970292766252383,
          1.2332156968939072,
          0.0,
          0.9701104843233558
        ],
        [
          0.9709083314175534,
          0.9734077235096809,
          0.9697787068316029,
          0.9697715040624192,
          0.9695041470911631,
          0.9696918229152758,
          0.9691189956787566,
          0.9697085564413538,
          0.9696862064848535,
          0.9696847800116442,
          0.9696918229152758,
          0.9696701879808433,
          0.9698920523635972,
          0.9696951827296978,
          0.9696951827296978,
          0.9696968189992089,
          1.4240799455326885,
          0.9701104843233558,
          0.0
        ]
      ]
    },
    "division": {
      "alphabet": [
        "Ahmedabad",
        "Alaska",
        "Arizona",
        "Athens",
        "Bavaria",
        "Beijing",
        "Botad",
        "California",
        "China",
        "Connecticut",
        "Dahegam",
        "Florida",
        "France",
        "Gandhinagar",
        "Georgia",
        "Guam",
        "Hangzhou",
        "Hawaii",
        "Himatnagar",
        "Ho Chi Minh City",
        "Hyderabad",
        "Idaho",
        "Illinois",
        "India",
        "Indiana",
        "Iran",
        "Jamaica",
        "Louisiana",
        "Malaysia",
        "Mansa",
        "Massachusetts",
        "Michigan",
        "Nebraska",
        "Netherlands",
        "New York",
        "North Carolina",
        "Ohio",
        "Pennsylvania",
        "Prantij",
        "Saitama",
        "South Carolina",
        "Spain",
        "Sri Lanka",
        "Surat",
        "Taiwan",
        "Thailand",
        "USA",
        "Una",
        "Uruguay",
        "Utah",
        "Valencia",
        "Victoria",
        "Virginia",
        "Washington",
        "Wisconsin",
        "Wuhan",
        "?"
      ],
      "equilibrium_probabilities": [
        0.018904955150045748,
        0.01993301314494806,
        0.019296335510757344,
        0.013190305361011281,
        0.017920265780850823,
        0.019314323868658285,
        0.02038983267703816,
        0.009714234879909045,
        0.019722682613090445,
        0.016179860133117972,
        0.020903716877192075,
        0.01859045418915317,
        0.014146773093627257,
        0.021441414881989505,
        0.019298500389647845,
        0.019606188680238862,
        0.021030438594458897,
        0.019933621381075333,
        0.021380799995338737,
        0.019298972579928884,
        0.021238671916342395,
        0.018969451911115896,
        0.0208324810593688,
        0.01678587747586042,
        0.009478004497244107,
        0.01929900946946055,
        0.019461501991045797,
        0.01965603617387451,
        0.019606188680238862,
        0.019298495827491043,
        0.02060634295429295,
        0.007640977371408057,
        0.019344261466986364,
        0.017814924831838205,
        0.00994581759782256,
        0.019291608145003053,
        0.020095240418751097,
        0.020999342510431583,
        0.021439077619705243,
        0.01929776845641456,
        0.020155695665491608,
        0.01933328354507596,
        0.0193140736765258,
        0.020389832677038224,
        0.0193140736765258,
        0.015587657086387352,
        0.008121131697373366,
        0.020377784787788355,
        0.019336831101592122,
        0.019625285163240164,
        0.017763965083266043,
        0.00846085831814932,
        0.014603618594388962,
        0.008909799150752056,
        0.0181093670397022,
        0.019298972579928884
      ],
      "rate": 246.28632579833916,
      "transition_matrix": [
        [
          0.0,
          0.9919066283988998,
          0.9917862006003966,
          1.0574692643557058,
          0.991839501021805,
          0.9918243386233255,
          0.99263057433343,
          0.9925201311856358,
          0.9929347992606617,
          0.9920222947957588,
          1.305226127976682,
          0.9923764302975899,
          0.992469922306352,
          1.1973256018309875,
          0.9917448011373368,
          0.9920626051246173,
          0.9918982482089932,
          0.9920746736965876,
          1.198363026640717,
          0.9917448481565048,
          0.9923494047754439,
          0.9923503218510135,
          0.9920322051929986,
          0.9931805616318513,
          1.844021418747529,
          0.9917823974684689,
          0.9918437373526422,
          0.9920275303881196,
          0.9920626051246173,
          0.9917448010902719,
          0.9927916864516082,
          0.9915227669972122,
          0.9918332977649148,
          0.9916213280273483,
          1.0094999150727402,
          0.9917552469018835,
          0.992054718360176,
          1.227380455331706,
          1.4941849874894713,
          0.9917881633488287,
          0.9919477747917567,
          0.9918067790727568,
          0.9917728618787864,
          0.99263057433343,
          0.9917728618787864,
          0.9915184863731568,
          1.0088930955426034,
          0.9922091640909186,
          0.9918078883237039,
          0.9926966849045158,
          0.9917292646793248,
          1.498477247161847,
          1.0181162512428865,
          1.0359198182274758,
          0.9917132107668288,
          0.9917448481565048
        ],
        [
          0.9919066283988998,
          0.0,
          0.9900167066453338,
          0.9916096115265374,
          0.9901400400657877,
          0.9900481639183595,
          0.9906719489032614,
          0.991104844619239,
          0.9908718599077557,
          0.9905009639788205,
          0.9903915143244549,
          0.9904769682983559,
          0.9908460609463905,
          0.9910346523597482,
          0.9899895712086825,
          0.990259451749635,
          0.9900025841318213,
          0.9902631729928424,
          0.9910459134213814,
          0.9899896015968219,
          0.990286642113206,
          0.9905344622393302,
          0.98998274125181,
          0.9910940052526209,
          0.9913655725381403,
          0.9900142357588909,
          0.9900677295912351,
          0.990130495241069,
          0.990259451749635,
          0.989989571213396,
          0.990432615763077,
          0.990116652643719,
          0.9900550975264502,
          0.9899849440540839,
          0.9909339192157739,
          0.9899951714518641,
          0.9902061382674363,
          0.991633274861764,
          0.990030987754912,
          0.9900180432777452,
          0.9901100503420369,
          0.9900324838529306,
          0.9900075744123354,
          0.9906719489032614,
          0.9900075744123354,
          0.9900132340486562,
          0.9912430690735129,
          0.9902437241087299,
          0.9900467096054448,
          0.9904097062826147,
          0.9900663790348735,
          0.9989588932160096,
          0.9917190074220058,
          1.4821845632424657,
          0.98999402554091,
          0.9899896015968219
        ],
        [
          0.9917862006003966,
          0.9900167066453338,
          0.0,
          0.9920388918269537,
          0.9902454568021469,
          0.990111061134354,
          0.9908622168420776,
          0.9909350808940377,
          0.9912182186930723,
          0.9904400537993617,
          0.9904020797153504,
          0.9905075780670305,
          0.9909278622596523,
          0.9909791432793943,
          0.9900308258830212,
          0.9903487906101784,
          0.9900314958229781,
          0.9902549891055235,
          0.9909899514542982,
          0.9900308675553576,
          0.9903047936799787,
          0.9903874936883433,
          0.9900110520360641,
          0.9910381686022776,
          0.9913854740989564,
          0.9900688075313273,
          0.9901205335056312,
          0.9902091856265377,
          0.9903487906101784,
          0.9900308258834476,
          0.9904505856512392,
          0.9905650579393007,
          0.9901198562307819,
          0.9900408543082488,
          0.9911787110376099,
          0.9900414623993683,
          0.9903032650094076,
          0.9914646166810925,
          0.9900563771994841,
          0.9961072968403132,
          0.990188742737932,
          0.9900932210503578,
          0.9900590513841669,
          0.9908622168420776,
          0.9900590513841669,
          0.9901129533409466,
          0.9912943973784981,
          0.9903672784663479,
          0.9900925748906101,
          0.9903799922946284,
          0.9901470263767471,
          1.4877438092641824,
          0.991643263917231,
          0.9914471917781187,
          0.9900411419717375,
          0.9900308675553576
        ],
        [
          1.0574692643557058,
          0.9916096115265374,
          0.9920388918269537,
          0.0,
          0.9917959376622228,
          0.9916457745751435,
          0.9928537820722093,
          0.9937633213695923,
          0.9935925642815031,
          0.9919268868035541,
          0.9919331152055624,
          0.9928966817500533,
          0.9930851891143345,
          1.0162486805036632,
          0.9914591282960421,
          0.99202857220732,
          0.9915492211236234,
          0.9919320819029992,
          1.016439577799721,
          0.9914580831885159,
          1.2007689742503254,
          0.9920648407686327,
          1.3488931536181104,
          1.1196212473244098,
          0.9932805815520678,
          0.9915695928167383,
          0.9916399730281348,
          0.9919839713950013,
          0.99202857220732,
          0.9914579114430807,
          0.9921658612544687,
          0.9966309835242521,
          0.9916697177173042,
          0.9913988638559456,
          1.3042787017345532,
          0.9915053322794174,
          0.9919933457477468,
          1.1385279689844567,
          0.9922699865421792,
          0.9926426712413476,
          0.9917961366671332,
          0.9916142902363934,
          0.9915457074505308,
          0.9928537820722093,
          0.9915457074505308,
          0.9915001605232026,
          1.04995567394263,
          0.9926918140898153,
          0.9915988105224262,
          0.9921976946290418,
          0.9916385852900655,
          4.286265956695756,
          1.8838205323443096,
          1.132238722167869,
          0.9914315662296175,
          0.9914580831885159
        ],
        [
          0.991839501021805,
          0.9901400400657877,
          0.9902454568021469,
          0.9917959376622228,
          0.0,
          0.9902904350213644,
          0.9911253787185198,
          0.9915301186458912,
          0.9915465423216675,
          0.9906318560668591,
          0.9904988143360554,
          0.9906787993443104,
          1.1586476972013768,
          0.9910457580396538,
          0.9901932000243842,
          0.9905590697747915,
          0.9901549382222588,
          0.9904029294216272,
          0.9910554072729238,
          0.990198112328128,
          0.990413204273338,
          0.9904783139952805,
          0.9901340398188511,
          0.9912444171132706,
          0.9916583259166669,
          0.9902406656730458,
          0.9902922635642298,
          0.9903839986453086,
          0.9905590697747915,
          0.9901932000294006,
          0.9905549969382582,
          0.990970337661703,
          0.9902994762399094,
          0.990242380935938,
          0.9914732229126109,
          0.9902079970873151,
          0.990491117464405,
          0.991501376821957,
          0.9901785563893515,
          0.9902477351636402,
          0.9903608196225567,
          0.9902682655138249,
          0.9902287623899014,
          0.9911253787185198,
          0.9902287623899014,
          0.9904196306231033,
          0.9916154216645671,
          0.9905614691657735,
          0.9902637468235846,
          0.9904809388341961,
          0.9903624708493982,
          1.896285074110987,
          0.992065247659595,
          0.9921329314579931,
          0.9902198493565787,
          0.990198112328128
        ],
        [
          0.9918243386233255,
          0.9900481639183595,
          0.990111061134354,
          0.9916457745751435,
          0.9902904350213644,
          0.0,
          0.9908987504193962,
          0.9985102403024865,
          0.9912569627495894,
          0.9904842974475108,
          0.9904341070417456,
          0.9905464661232203,
          0.9910095963329728,
          0.9910119841408305,
          0.9900692474166778,
          0.9903871924646711,
          0.9900819112575515,
          0.990291218913251,
          0.9910227245945752,
          0.9900742142880463,
          0.9903371803901911,
          0.9904182547566494,
          0.9900429036362632,
          0.9910816910787804,
          0.9914621736827223,
          0.9901072274066,
          0.9901591421458714,
          0.9902465780950611,
          0.9903871924646711,
          0.9900692474215468,
          0.9904826309669948,
          0.9906980193040849,
          1.001783540351835,
          0.9900920682371683,
          0.9912716163996823,
          0.9900798907674258,
          0.9903464635760933,
          0.991497290085731,
          0.9900891617351375,
          0.990112879421115,
          0.99022464958196,
          0.9901316150785833,
          0.9900974634610242,
          0.9908987504193962,
          0.9900974634610242,
          0.9902380121992471,
          0.9914004568226312,
          0.9904028318169387,
          0.990130897903603,
          0.9904127895356151,
          0.9901909015061414,
          1.4819091175773664,
          0.9916951049905747,
          0.991698348115217,
          0.9900959555702863,
          0.9900742142880463
        ],
        [
          0.99263057433343,
          0.9906719489032614,
          0.9908622168420776,
          0.9928537820722093,
          0.9911253787185198,
          0.9908987504193962,
          0.0,
          1.0021111713409778,
          0.9919425659752806,
          0.9913426057392437,
          0.9910841810624199,
          0.9911845617468584,
          1.0194127616623831,
          0.9916968842638089,
          0.9908248032310039,
          1.0076212036399568,
          0.9907306902233812,
          0.990944594990874,
          0.9917067647524275,
          0.9908248429104926,
          0.9909941788216445,
          0.9910246709043459,
          0.9906835221732017,
          0.9985653473622241,
          0.9928053394315369,
          0.9908588338757573,
          0.990904302594809,
          0.9909493457284386,
          1.0076212036399563,
          0.990824803236964,
          0.9911268620766372,
          0.9922198143563242,
          0.9909068117779547,
          0.9909362411553297,
          0.9926466391277873,
          0.9908337754047272,
          0.9910528497701451,
          0.9921937632264082,
          0.9907439817397246,
          0.9908635191764122,
          0.990931193300254,
          0.9908816237794958,
          0.9908499768000684,
          1.351030733752046,
          0.9908499768000684,
          0.9911564628449379,
          0.9926446749373943,
          0.9910847571915352,
          0.9908826654422033,
          0.9910416741855093,
          0.991032962892183,
          1.2270939893188355,
          0.9926533395166235,
          0.9930978245728667,
          0.9909107285247837,
          0.9908248429104926
        ],
        [
          0.9925201311856358,
          0.991104844619239,
          0.9909350808940377,
          0.9937633213695923,
          0.9915301186458912,
          0.9985102403024865,
          1.0021111713409778,
          0.0,
          0.9928050517685807,
          0.9924534863615603,
          0.990859983484659,
          1.2326500696852571,
          1.545449737528803,
          0.9915566098752627,
          0.9907947102648373,
          0.9990820719045534,
          1.4831454827966712,
          1.102493146175159,
          0.9915617259830076,
          0.9907980387056908,
          0.9909495636392464,
          0.9986916255609358,
          0.9907585121508705,
          0.9962258703925366,
          0.9945782659509972,
          0.9909203666373323,
          1.0137726478505915,
          1.0031930736700214,
          0.9990820719045532,
          0.9907947103615687,
          0.9910717143789368,
          1.2200509835264968,
          1.00879175428097,
          0.9909178027286177,
          1.662706068524177,
          0.9908530490167633,
          1.2805472124104984,
          0.9927333898475896,
          0.9906996650512826,
          0.990940399293914,
          0.9912020906885552,
          0.9909607511850461,
          0.99089290740692,
          1.0021111713409778,
          0.99089290740692,
          0.9946215252982598,
          1.2861104519596331,
          0.9918362833915786,
          0.9911188448566616,
          1.0034377416725289,
          0.9912503056460671,
          5.68193350690248,
          1.1968774146273853,
          5.886687383551718,
          1.4878890057798815,
          0.9907980387056908
        ],
        [
          0.9929347992606617,
          0.9908718599077557,
          0.9912182186930723,
          0.9935925642815031,
          0.9915465423216675,
          0.9912569627495894,
          0.9919425659752806,
          0.9928050517685807,
          0.0,
          0.9918386435790957,
          0.9912870569118909,
          0.9914543164538032,
          0.992612835255254,
          0.9918926900053388,
          0.991175941605116,
          0.9914973310202089,
          0.9909193194012937,
          0.9912017056374463,
          0.9919014951586657,
          0.9911761771288716,
          0.9912045328873361,
          0.991208286470115,
          0.9908977351646023,
          0.9923909115263257,
          0.9939712767288336,
          0.9912141859336306,
          0.9912517096907185,
          0.9912618143045225,
          0.9914973310202091,
          0.9911759416074803,
          0.9913312958002335,
          0.9935008203699967,
          0.991265786007306,
          0.9914022030051092,
          0.9935385219103372,
          0.9911866984769524,
          0.9913637720489619,
          0.9923727549720047,
          0.9909607973516894,
          0.9912198357777743,
          0.991251679104945,
          0.9912390065562972,
          0.9912044611458433,
          0.9919425659752809,
          0.9912044611458433,
          0.9920796246511034,
          0.9935647529104223,
          0.9913994020687349,
          0.9912494507515589,
          0.9912271162369773,
          0.9915186119208529,
          1.4270256903825271,
          0.9930132239968736,
          0.9936715794555431,
          0.991289185208902,
          0.9911761771288716
        ],
        [
          0.9920222947957588,
          0.9905009639788205,
          0.9904400537993617,
          0.9919268868035541,
          0.9906318560668591,
          0.9904842974475108,
          0.9913426057392437,
          0.9924534863615603,
          0.9918386435790957,
          0.0,
          0.9907018364273021,
          0.9912197040082238,
          0.9917281330032472,
          0.9912815149007518,
          0.9903776678018754,
          0.990733632425918,
          0.9904002369597241,
          0.9908821254853462,
          0.9912900328110441,
          0.9903777293826819,
          0.990636271138908,
          1.2860730448298736,
          0.9904126769160834,
          0.991672490434844,
          0.9919454154900023,
          0.9904336785535337,
          0.9905130020568869,
          0.9906372699190708,
          0.990733632425918,
          0.9903776678083658,
          0.9907595398270543,
          1.310233913798698,
          0.9904966902122329,
          0.9903687562461655,
          0.9919622160617294,
          0.9903970551883116,
          0.9907199503266545,
          0.9918916782626483,
          0.9904258511314621,
          0.9904419524587033,
          0.9906608700738024,
          0.9904640046106123,
          0.9904204059620189,
          0.9913426057392437,
          0.9904204059620189,
          0.9904286034148961,
          0.9930488117497056,
          0.990810414149933,
          0.9904818874967792,
          0.9908507854221759,
          0.9905245474341979,
          2.1832006101764887,
          0.9987842474187928,
          1.8149293180072774,
          0.9904273094219738,
          0.9903777293826819
        ],
        [
          1.305226127976682,
          0.9903915143244549,
          0.9904020797153504,
          0.9919331152055624,
          0.9904988143360554,
          0.9904341070417456,
          0.9910841810624199,
          0.990859983484659,
          0.9912870569118909,
          0.9907018364273021,
          0.0,
          0.9907734330007575,
          0.9910310157750075,
          0.991740925014345,
          0.9903741240329061,
          0.99065129891856,
          0.9904188691705398,
          0.990580706765187,
          0.9917507643405068,
          0.9903741556593881,
          0.9907151155755891,
          0.990770170288392,
          0.9903976854968951,
          0.991537595181483,
          1.2918577752568472,
          0.9903996192193881,
          0.990450731409337,
          0.9905175415229505,
          0.99065129891856,
          0.9903741240339707,
          0.9911109358585098,
          0.9904012937129293,
          0.9904403008259443,
          0.9903411392139579,
          0.9912549999894052,
          0.9903798877742349,
          0.990593295766426,
          0.9923094497486146,
          0.9906615102028514,
          0.9904035782694428,
          0.9905081150948736,
          0.9904183195532217,
          0.9903926870618113,
          0.9910841810624199,
          0.9903926870618113,
          0.9903320103788508,
          0.9916235078490927,
          0.9906521457484914,
          0.9904231421396714,
          0.9909661837489835,
          0.9904183015153902,
          0.9934025599227083,
          0.9921354979414975,
          0.9917343338322528,
          0.9903638031437517,
          0.9903741556593881
        ],
        [
          0.9923764302975899,
          0.9904769682983559,
          0.9905075780670305,
          0.9928966817500533,
          0.9906787993443104,
          0.9905464661232203,
          0.9911845617468584,
          1.2326500696852571,
          0.9914543164538032,
          0.9912197040082238,
          0.9907734330007575,
          0.0,
          0.992305232619965,
          0.9914432629511153,
          0.9904753619959374,
          0.9907619954929149,
          0.9904994514556431,
          0.9908860443861434,
          0.991453139453081,
          0.990475397434232,
          0.9908424365957299,
          0.9911592153802222,
          0.9904509539835941,
          0.9917797673974151,
          0.9925619480299848,
          0.9905046130285833,
          0.9905716882412147,
          0.9906437928135805,
          0.9907619954929149,
          0.9904753619988141,
          0.990971595113881,
          0.991410819407504,
          0.9905563549803083,
          0.9905276468749596,
          0.9925431992765825,
          0.990482847297359,
          0.9907913748106345,
          0.992155090484006,
          0.9904563496905219,
          0.990509031631157,
          0.9905859362721186,
          0.9905248061539074,
          0.9904969455737644,
          0.9911845617468584,
          0.9904969455737644,
          0.9906513395049178,
          0.9927738134154468,
          1.1651070067022697,
          0.9905472541203101,
          0.9910125121697426,
          0.9906273972768284,
          1.215813964692808,
          1.2520498018719508,
          1.7962063998226943,
          0.9905737452793932,
          0.990475397434232
        ],
        [
          0.992469922306352,
          0.9908460609463905,
          0.9909278622596523,
          0.9930851891143345,
          1.1586476972013768,
          0.9910095963329728,
          1.0194127616623831,
          1.545449737528803,
          0.992612835255254,
          0.9917281330032472,
          0.9910310157750075,
          0.992305232619965,
          0.0,
          0.9916343365142681,
          0.9908373901574089,
          1.0126800548057504,
          0.9908217001700389,
          0.991495187643755,
          0.9916407708399407,
          0.9908477434060345,
          0.9912455871161656,
          0.9914884547797722,
          0.9907955107868932,
          1.0007900253820197,
          0.9998092590062987,
          0.9909195932190425,
          0.9917069324986729,
          0.9911393581069456,
          1.01268005480575,
          0.9908373901782077,
          0.9954158409661374,
          1.003407444378222,
          0.9910354090240518,
          0.9909282110257535,
          0.9998621847761864,
          0.9908694310356442,
          0.9915073194753038,
          0.9923342751230578,
          0.9907919393626029,
          0.9909311469116642,
          0.9910550798278202,
          0.9909548441263176,
          0.9909002358800585,
          1.0194127616623836,
          0.9909002358800585,
          0.9912123750810806,
          1.0034610744251782,
          0.9917734906673916,
          0.9909761812733329,
          0.9914276987991046,
          0.991124439017169,
          3.263489246241377,
          1.6933218247102162,
          2.0764901993829836,
          0.9909487563481687,
          0.9908477434060345
        ],
        [
          1.1973256018309875,
          0.9910346523597482,
          0.9909791432793943,
          1.0162486805036632,
          0.9910457580396538,
          0.9910119841408305,
          0.9916968842638089,
          0.9915566098752627,
          0.9918926900053388,
          0.9912815149007518,
          0.991740925014345,
          0.9914432629511153,
          0.9916343365142681,
          0.0,
          0.9909504334898801,
          0.9912348718146063,
          0.9910396748660508,
          0.9912050661777183,
          1.3851597823299717,
          0.9909504654613706,
          0.9914285639332348,
          0.9914733466744098,
          0.9910908117446396,
          0.9919389683456405,
          0.9922410444541335,
          0.9909765869984163,
          0.9910317827945578,
          0.9911404683342372,
          0.9912348718146063,
          0.9909504334938483,
          0.9915076794144558,
          0.9906749701330898,
          0.9910183009908838,
          0.9908799746260526,
          0.9979305346187506,
          0.9909563444351851,
          0.9911853023213428,
          1.085028149364835,
          0.9930467088551433,
          0.9909806955481567,
          0.9910972174547149,
          0.9909957635011621,
          0.9909694579650598,
          0.9916968842638089,
          0.9909694579650598,
          0.9908251965601973,
          0.9974475015507531,
          0.9912809573560486,
          0.9910012587131135,
          0.991485407117451,
          0.9909604409495899,
          0.9951331500747587,
          1.001869237881064,
          1.0074580227815795,
          0.9909351555978014,
          0.9909504654613706
        ],
        [
          0.9917448011373368,
          0.9899895712086825,
          0.9900308258830212,
          0.9914591282960421,
          0.9901932000243842,
          0.9900692474166778,
          0.9908248032310039,
          0.9907947102648373,
          0.991175941605116,
          0.9903776678018754,
          0.9903741240329061,
          0.9904753619959374,
          0.9908373901574089,
          0.9909504334898801,
          0.0,
          0.9903069844048024,
          0.9900033360367897,
          0.990223299505586,
          0.9909613199608205,
          0.989989063111402,
          0.990276092203449,
          0.9903614597874967,
          0.9899824690576802,
          0.9909807547951012,
          0.9911681228445332,
          0.9900269983946871,
          0.9900795983687111,
          0.9901724197490706,
          0.9903069844048024,
          0.9899890214196942,
          0.9904227690655794,
          0.9901931336691556,
          0.9900780443500986,
          0.9899844345437593,
          0.9909060307803401,
          0.9899996566779985,
          0.9902663339575143,
          0.9914362360581571,
          0.9900277336770793,
          0.9900326702558608,
          0.9901516865608414,
          0.9900514140370238,
          0.9900172454032026,
          0.9908248032310039,
          0.9900172454032026,
          0.9900283255499391,
          0.9910676401851993,
          0.9903321977683317,
          0.9900507704540911,
          0.9903530633203436,
          0.9900904941643407,
          1.4873113082670792,
